{"metadata":{"version":4.3,"type":"Object","generator":"ObjectExporter"},"geometries":[{"uuid":"F57872A0-0847-4F85-80E5-4E5F9071CDF0","type":"CubeGeometry","width":1,"height":1,"depth":1,"widthSegments":1,"heightSegments":1,"depthSegments":1},{"uuid":"351EDF28-5390-4B0C-B0A3-F69438CCABCF","type":"CubeGeometry","width":1,"height":1,"depth":1,"widthSegments":1,"heightSegments":1,"depthSegments":1},{"uuid":"A0078933-072B-47B2-A211-5E4BD1C14CC2","type":"CubeGeometry","width":1,"height":1,"depth":1,"widthSegments":1,"heightSegments":1,"depthSegments":1},{"uuid":"4C3FBC6D-25CE-4D8E-8A4A-40CC8693E536","type":"CubeGeometry","width":1,"height":0.3333,"depth":2,"widthSegments":1,"heightSegments":1,"depthSegments":1},{"uuid":"D55131A4-DC9E-480A-AD0A-1AF8E249DC02","type":"CubeGeometry","width":1,"height":1,"depth":1,"widthSegments":1,"heightSegments":1,"depthSegments":1},{"uuid":"632E0B96-C36B-419D-BCC8-64523A0F6DF9","type":"CubeGeometry","width":1,"height":1,"depth":1,"widthSegments":1,"heightSegments":1,"depthSegments":1},{"uuid":"195485E9-4C63-400A-8883-F270A5041DC3","type":"CubeGeometry","width":1,"height":1,"depth":1,"widthSegments":1,"heightSegments":1,"depthSegments":1},{"uuid":"4C421514-675E-432E-B16D-557D9FAC5E50","type":"CylinderGeometry","radiusTop":0.5,"radiusBottom":0.5,"height":1,"heightSegments":1},{"uuid":"3D45168C-4542-4BD5-8C86-C6F5E984D296","type":"CylinderGeometry","radiusTop":0.5,"radiusBottom":0.5,"height":1,"heightSegments":1}],"materials":[{"uuid":"7695F6CF-FD20-4E3E-8966-B7D3CD7D2816","type":"MeshLambertMaterial","color":16711680,"ambient":16777215,"emissive":0,"opacity":1,"transparent":false,"wireframe":false},{"uuid":"ABA14E4A-D966-4607-AC0B-D43146372D51","type":"MeshLambertMaterial","color":16711680,"ambient":16777215,"emissive":0,"opacity":1,"transparent":false,"wireframe":false},{"uuid":"825E059C-369E-42BE-9506-97FB754CD36C","type":"MeshLambertMaterial","color":16711680,"ambient":16777215,"emissive":0,"opacity":1,"transparent":false,"wireframe":false},{"uuid":"BA14CBE4-E2F8-4F6B-B0C0-1CA2A20266E9","type":"MeshLambertMaterial","color":16711680,"ambient":16777215,"emissive":0,"opacity":1,"transparent":false,"wireframe":false},{"uuid":"89318445-FA3D-445C-BA37-27D243C847A0","type":"MeshLambertMaterial","color":16711680,"ambient":16777215,"emissive":0,"opacity":1,"transparent":false,"wireframe":false},{"uuid":"EC05811E-0870-467A-9B25-FECC88A3A7C0","type":"MeshLambertMaterial","color":16711680,"ambient":16777215,"emissive":0,"opacity":1,"transparent":false,"wireframe":false},{"uuid":"6AC9775A-D57B-44EF-904F-79DD71C48977","type":"MeshLambertMaterial","color":16711680,"ambient":16777215,"emissive":0,"opacity":1,"transparent":false,"wireframe":false},{"uuid":"04197795-2606-4674-9845-5311F1334F82","type":"MeshLambertMaterial","color":16711680,"ambient":16777215,"emissive":0,"opacity":1,"transparent":false,"wireframe":false},{"uuid":"F50B189B-5478-4897-8827-E5481B66F193","type":"MeshLambertMaterial","color":16711680,"ambient":16777215,"emissive":0,"opacity":1,"transparent":false,"wireframe":false}],"object":{"uuid":"7935F501-DACC-4BB0-B135-53BECD381CFD","userData":{"name":"red legs"},"type":"Object3D","matrix":[1,0,0,0,0,1,0,0,0,0,1,0,0,0,0,1],"children":[{"uuid":"D232D410-EF03-4B49-9E46-063F7E220806","type":"Mesh","geometry":"F57872A0-0847-4F85-80E5-4E5F9071CDF0","material":"7695F6CF-FD20-4E3E-8966-B7D3CD7D2816","matrix":[1,0,0,0,0,1,0,0,0,0,1,0,-0.5,0.5,0.5,1]},{"uuid":"8F1E96D4-81AE-4684-9856-E821B3A2A6CA","userData":{"name":"leg"},"type":"Object3D","matrix":[1,0,0,0,0,0.9897762537002563,0.14262893795967102,0,0,-0.14262893795967102,0.9897762537002563,0,-0.5,0,0.5,1],"children":[{"uuid":"FC49FD2D-0DC8-4D01-B8D7-2A93D7977C1C","type":"Mesh","geometry":"351EDF28-5390-4B0C-B0A3-F69438CCABCF","material":"ABA14E4A-D966-4607-AC0B-D43146372D51","matrix":[1,0,0,0,0,1,0,0,0,0,1,0,0,-0.5,0,1]},{"uuid":"EC8599D1-C5FE-49A0-9DAE-5EDF828D1629","type":"Mesh","geometry":"A0078933-072B-47B2-A211-5E4BD1C14CC2","material":"825E059C-369E-42BE-9506-97FB754CD36C","matrix":[1,0,0,0,0,1,0,0,0,0,1,0,0,-1.5,0,1]},{"uuid":"33087E10-BFA4-4FFA-B518-C858045C753B","type":"Mesh","geometry":"4C3FBC6D-25CE-4D8E-8A4A-40CC8693E536","material":"BA14CBE4-E2F8-4F6B-B0C0-1CA2A20266E9","matrix":[1,0,0,0,0,1,0,0,0,0,1,0,0,-1.8333499431610107,0.5,1]}]},{"uuid":"8F1E96D4-81AE-4684-9856-E821B3A2A6CA","userData":{"name":"leg"},"type":"Object3D","matrix":[1,0,0,0,0,0.9897762537002563,-0.14262893795967102,0,0,0.14262893795967102,0.9897762537002563,0,0.5,0,0.5,1],"children":[{"uuid":"FC49FD2D-0DC8-4D01-B8D7-2A93D7977C1C","type":"Mesh","geometry":"351EDF28-5390-4B0C-B0A3-F69438CCABCF","material":"ABA14E4A-D966-4607-AC0B-D43146372D51","matrix":[1,0,0,0,0,1,0,0,0,0,1,0,0,-0.5,0,1]},{"uuid":"EC8599D1-C5FE-49A0-9DAE-5EDF828D1629","type":"Mesh","geometry":"A0078933-072B-47B2-A211-5E4BD1C14CC2","material":"825E059C-369E-42BE-9506-97FB754CD36C","matrix":[1,0,0,0,0,1,0,0,0,0,1,0,0,-1.5,0,1]},{"uuid":"33087E10-BFA4-4FFA-B518-C858045C753B","type":"Mesh","geometry":"4C3FBC6D-25CE-4D8E-8A4A-40CC8693E536","material":"BA14CBE4-E2F8-4F6B-B0C0-1CA2A20266E9","matrix":[1,0,0,0,0,1,0,0,0,0,1,0,0,-1.8333499431610107,0.5,1]}]},{"uuid":"0D287622-0829-4AC4-9BD6-199DF25EABB9","type":"Mesh","geometry":"D55131A4-DC9E-480A-AD0A-1AF8E249DC02","material":"89318445-FA3D-445C-BA37-27D243C847A0","matrix":[1,0,0,0,0,1,0,0,0,0,1,0,-0.5,0,0.5,1]},{"uuid":"CA7CC1D7-4F93-4DE6-9B9F-65D59BCAC27E","type":"Mesh","geometry":"632E0B96-C36B-419D-BCC8-64523A0F6DF9","material":"EC05811E-0870-467A-9B25-FECC88A3A7C0","matrix":[1,0,0,0,0,1,0,0,0,0,1,0,0.5,0,0.5,1]},{"uuid":"EE212CE6-8609-42C3-AF65-EE21FA923FBF","type":"Mesh","geometry":"195485E9-4C63-400A-8883-F270A5041DC3","material":"6AC9775A-D57B-44EF-904F-79DD71C48977","matrix":[1,0,0,0,0,1,0,0,0,0,1,0,0.5,0.5,0.5,1]},{"uuid":"CDDEE678-3F3F-4B1B-8E10-7BBAA9D91F76","userData":{"name":"arm"},"type":"Object3D","matrix":[1,0,0,0,0,0.9897762537002563,-0.14262893795967102,0,0,0.14262893795967102,0.9897762537002563,0,-1,1,0,1],"children":[{"uuid":"0469E6A0-C2DB-4ABF-98CE-EC43B6E9DCD6","type":"Mesh","geometry":"4C421514-675E-432E-B16D-557D9FAC5E50","material":"04197795-2606-4674-9845-5311F1334F82","matrix":[1,0,0,0,0,1,0,0,0,0,1,0,0,-0.5,0,1]},{"uuid":"010807AC-A724-4A73-81BA-00605433BAED","type":"Mesh","geometry":"3D45168C-4542-4BD5-8C86-C6F5E984D296","material":"F50B189B-5478-4897-8827-E5481B66F193","matrix":[1,0,0,0,0,1,0,0,0,0,1,0,0,-1.5,0,1]}]},{"uuid":"CDDEE678-3F3F-4B1B-8E10-7BBAA9D91F76","userData":{"name":"arm"},"type":"Object3D","matrix":[1,0,0,0,0,0.9897762537002563,0.14262893795967102,0,0,-0.14262893795967102,0.9897762537002563,0,1.5,1,0.5,1],"children":[{"uuid":"0469E6A0-C2DB-4ABF-98CE-EC43B6E9DCD6","type":"Mesh","geometry":"4C421514-675E-432E-B16D-557D9FAC5E50","material":"04197795-2606-4674-9845-5311F1334F82","matrix":[1,0,0,0,0,1,0,0,0,0,1,0,0,-0.5,0,1]},{"uuid":"010807AC-A724-4A73-81BA-00605433BAED","type":"Mesh","geometry":"3D45168C-4542-4BD5-8C86-C6F5E984D296","material":"F50B189B-5478-4897-8827-E5481B66F193","matrix":[1,0,0,0,0,1,0,0,0,0,1,0,0,-1.5,0,1]}]}]}}