{"metadata":{"version":4.3,"type":"Object","generator":"ObjectExporter"},"geometries":[{"uuid":"1BA60DF1-643D-4143-8413-C21B4EB0A819","type":"CubeGeometry","width":1,"height":1,"depth":2,"widthSegments":1,"heightSegments":1,"depthSegments":1},{"uuid":"DCCA89C7-2F60-4C41-BCF7-E0F82097A83D","type":"CubeGeometry","width":1,"height":0.3333,"depth":2,"widthSegments":1,"heightSegments":1,"depthSegments":1},{"uuid":"E6FA19BA-8456-4923-8605-F34C8076E3E7","type":"CubeGeometry","width":1,"height":0.3333,"depth":2,"widthSegments":1,"heightSegments":1,"depthSegments":1},{"uuid":"64DBC5F9-5CB8-4D6B-A07F-B28FADBB31BD","type":"CylinderGeometry","radiusTop":0.5,"radiusBottom":0.5,"height":1,"heightSegments":1},{"uuid":"78915CCA-C4D3-4DE9-8710-1CB1E6A21A8D","type":"CylinderGeometry","radiusTop":0.5,"radiusBottom":0.5,"height":1,"heightSegments":1},{"uuid":"989E9B52-49E3-40D3-B91B-7CDDDBB71760","type":"CubeGeometry","width":1,"height":1,"depth":1,"widthSegments":1,"heightSegments":1,"depthSegments":1},{"uuid":"FE36EF21-7EF6-4374-BD6E-6A60492298C5","type":"CubeGeometry","width":1,"height":0.3333,"depth":1,"widthSegments":1,"heightSegments":1,"depthSegments":1},{"uuid":"F5500AED-1664-4462-BB0D-8A9C9BA6926D","type":"CubeGeometry","width":1,"height":0.3333,"depth":2,"widthSegments":1,"heightSegments":1,"depthSegments":1},{"uuid":"6A35D29F-9FB5-4D07-8501-C1CEAF82512A","type":"SphereGeometry","radius":1,"widthSegments":8,"heightSegments":6,"phiStart":0,"phiLength":6.283185307179586,"thetaStart":0,"thetaLength":3.141592653589793}],"materials":[{"uuid":"B52100BB-3F2B-4B28-9BC8-5D7006E7DA31","type":"MeshLambertMaterial","color":8421504,"ambient":16777215,"emissive":0,"opacity":1,"transparent":false,"wireframe":false},{"uuid":"24BC4342-3802-4A64-8203-3576388CC4C7","type":"MeshLambertMaterial","color":8421504,"ambient":16777215,"emissive":0,"opacity":1,"transparent":false,"wireframe":false},{"uuid":"532640B5-A094-42EB-AFAC-42F8FAD2074C","type":"MeshLambertMaterial","color":8421504,"ambient":16777215,"emissive":0,"opacity":1,"transparent":false,"wireframe":false},{"uuid":"A532FE13-EC0F-4863-ADBC-AAF0BE371A94","type":"MeshLambertMaterial","color":12632256,"ambient":16777215,"emissive":0,"opacity":1,"transparent":false,"wireframe":false},{"uuid":"D55806AD-682C-4C74-83C7-3BEDA017D74C","type":"MeshLambertMaterial","color":12632256,"ambient":16777215,"emissive":0,"opacity":1,"transparent":false,"wireframe":false},{"uuid":"9F935694-416D-4EFD-87F7-1575A9EBB96A","type":"MeshLambertMaterial","color":12632256,"ambient":16777215,"emissive":0,"opacity":1,"transparent":false,"wireframe":false},{"uuid":"B1E1B85B-E979-4525-B605-96FE849B518C","type":"MeshLambertMaterial","color":12632256,"ambient":16777215,"emissive":0,"opacity":1,"transparent":false,"wireframe":false},{"uuid":"F9F81EF2-F55C-4F3E-8C1F-BBE34D951018","type":"MeshLambertMaterial","color":12632256,"ambient":16777215,"emissive":0,"opacity":1,"transparent":false,"wireframe":false},{"uuid":"61B22026-5AE6-4CCE-B661-1AB8D23C8370","type":"MeshLambertMaterial","color":16768178,"ambient":16777215,"emissive":0,"opacity":1,"transparent":false,"wireframe":false}],"object":{"uuid":"C37D6815-4CFF-4BA2-B4AC-6953284C5764","userData":{"name":"pharisee"},"type":"Object3D","matrix":[1,0,0,0,0,1,0,0,0,0,1,0,0,0,0,1],"children":[{"uuid":"498B26A1-A2E3-40DB-9254-A90A90B7386F","type":"Mesh","geometry":"1BA60DF1-643D-4143-8413-C21B4EB0A819","material":"B52100BB-3F2B-4B28-9BC8-5D7006E7DA31","matrix":[2.220446049250313e-16,0,-1,0,0,1,0,0,1,0,2.220446049250313e-16,0,0,-0.5,0,1]},{"uuid":"6B257086-55C1-489B-97B3-325E4DEF51E1","type":"Mesh","geometry":"DCCA89C7-2F60-4C41-BCF7-E0F82097A83D","material":"24BC4342-3802-4A64-8203-3576388CC4C7","matrix":[2.220446049250313e-16,0,-1,0,0,1,0,0,1,0,2.220446049250313e-16,0,0,0.16654999554157257,0,1]},{"uuid":"3E824DC0-CC46-4A0D-B2F2-9C73660C8FE8","type":"Mesh","geometry":"E6FA19BA-8456-4923-8605-F34C8076E3E7","material":"532640B5-A094-42EB-AFAC-42F8FAD2074C","matrix":[2.220446049250313e-16,0,-1,0,0,1,0,0,1,0,2.220446049250313e-16,0,0,0.49994999170303345,0,1]},{"uuid":"1BCCEB93-9F69-4B16-A506-1BADE354D5FF","userData":{"name":"pharisee arm"},"type":"Object3D","matrix":[1,0,0,0,0,0.9849588871002197,-0.17278870940208435,0,0,0.17278870940208435,0.9849588871002197,0,1.5,1.5,0,1],"children":[{"uuid":"74D06AA4-4185-471A-B299-94A2D2E8879A","type":"Mesh","geometry":"64DBC5F9-5CB8-4D6B-A07F-B28FADBB31BD","material":"A532FE13-EC0F-4863-ADBC-AAF0BE371A94","matrix":[1,0,0,0,0,1,0,0,0,0,1,0,0,-1.5,0,1]},{"uuid":"3FB0BEC6-F844-4447-BF0D-07B37183E103","type":"Mesh","geometry":"78915CCA-C4D3-4DE9-8710-1CB1E6A21A8D","material":"D55806AD-682C-4C74-83C7-3BEDA017D74C","matrix":[1,0,0,0,0,1,0,0,0,0,1,0,0,-2.5,0,1]}]},{"uuid":"1BCCEB93-9F69-4B16-A506-1BADE354D5FF","userData":{"name":"pharisee arm"},"type":"Object3D","matrix":[1,0,0,0,0,0.9849588871002197,0.17278870940208435,0,0,-0.17278870940208435,0.9849588871002197,0,-1.5,1.5,0,1],"children":[{"uuid":"74D06AA4-4185-471A-B299-94A2D2E8879A","type":"Mesh","geometry":"64DBC5F9-5CB8-4D6B-A07F-B28FADBB31BD","material":"A532FE13-EC0F-4863-ADBC-AAF0BE371A94","matrix":[1,0,0,0,0,1,0,0,0,0,1,0,0,-1.5,0,1]},{"uuid":"3FB0BEC6-F844-4447-BF0D-07B37183E103","type":"Mesh","geometry":"78915CCA-C4D3-4DE9-8710-1CB1E6A21A8D","material":"D55806AD-682C-4C74-83C7-3BEDA017D74C","matrix":[1,0,0,0,0,1,0,0,0,0,1,0,0,-2.5,0,1]}]},{"uuid":"8DEA049D-0402-42C7-81D5-4E6C660F8CEC","userData":{"name":"pharisee leg"},"type":"Object3D","matrix":[1,0,0,0,0,0.9402881264686584,0.340379536151886,0,0,-0.340379536151886,0.9402881264686584,0,0,-1,-0.5,1],"children":[{"uuid":"05FD06A7-8060-4AEE-B684-F49C1F75A335","type":"Mesh","geometry":"989E9B52-49E3-40D3-B91B-7CDDDBB71760","material":"9F935694-416D-4EFD-87F7-1575A9EBB96A","matrix":[1,0,0,0,0,1,0,0,0,0,1,0,-0.5,-0.5,0.5,1]},{"uuid":"87861237-ACC2-45C7-AA2D-E7FD37F9FE3E","type":"Mesh","geometry":"FE36EF21-7EF6-4374-BD6E-6A60492298C5","material":"B1E1B85B-E979-4525-B605-96FE849B518C","matrix":[1,0,0,0,0,1,0,0,0,0,1,0,-0.5,-1.1666500568389893,0.5,1]},{"uuid":"1683ECB2-D83D-4C42-8127-5A135090802E","type":"Mesh","geometry":"F5500AED-1664-4462-BB0D-8A9C9BA6926D","material":"F9F81EF2-F55C-4F3E-8C1F-BBE34D951018","matrix":[1,0,0,0,0,1,0,0,0,0,1,0,-0.5,-1.4999500513076782,1,1]}]},{"uuid":"8DEA049D-0402-42C7-81D5-4E6C660F8CEC","userData":{"name":"pharisee leg"},"type":"Object3D","matrix":[1,0,0,0,0,0.9402881264686584,-0.340379536151886,0,0,0.340379536151886,0.9402881264686584,0,1,-1,-0.5,1],"children":[{"uuid":"05FD06A7-8060-4AEE-B684-F49C1F75A335","type":"Mesh","geometry":"989E9B52-49E3-40D3-B91B-7CDDDBB71760","material":"9F935694-416D-4EFD-87F7-1575A9EBB96A","matrix":[1,0,0,0,0,1,0,0,0,0,1,0,-0.5,-0.5,0.5,1]},{"uuid":"87861237-ACC2-45C7-AA2D-E7FD37F9FE3E","type":"Mesh","geometry":"FE36EF21-7EF6-4374-BD6E-6A60492298C5","material":"B1E1B85B-E979-4525-B605-96FE849B518C","matrix":[1,0,0,0,0,1,0,0,0,0,1,0,-0.5,-1.1666500568389893,0.5,1]},{"uuid":"1683ECB2-D83D-4C42-8127-5A135090802E","type":"Mesh","geometry":"F5500AED-1664-4462-BB0D-8A9C9BA6926D","material":"F9F81EF2-F55C-4F3E-8C1F-BBE34D951018","matrix":[1,0,0,0,0,1,0,0,0,0,1,0,-0.5,-1.4999500513076782,1,1]}]},{"uuid":"DFE9C449-4B66-4237-BB6A-86B3871ACA4E","type":"Mesh","geometry":"6A35D29F-9FB5-4D07-8501-C1CEAF82512A","material":"61B22026-5AE6-4CCE-B661-1AB8D23C8370","matrix":[1,0,0,0,0,1,0,0,0,0,1,0,0,1.3330999612808228,-1,1]},{"uuid":"C37D6815-4CFF-4BA2-B4AC-6953284C5764","userData":{"name":"pharisee"},"type":"Object3D","matrix":[1,0,0,0,0,1,0,0,0,0,1,0,4,0,0,1],"children":[{"uuid":"498B26A1-A2E3-40DB-9254-A90A90B7386F","type":"Mesh","geometry":"1BA60DF1-643D-4143-8413-C21B4EB0A819","material":"B52100BB-3F2B-4B28-9BC8-5D7006E7DA31","matrix":[2.220446049250313e-16,0,-1,0,0,1,0,0,1,0,2.220446049250313e-16,0,0,-0.5,0,1]},{"uuid":"6B257086-55C1-489B-97B3-325E4DEF51E1","type":"Mesh","geometry":"DCCA89C7-2F60-4C41-BCF7-E0F82097A83D","material":"24BC4342-3802-4A64-8203-3576388CC4C7","matrix":[2.220446049250313e-16,0,-1,0,0,1,0,0,1,0,2.220446049250313e-16,0,0,0.16654999554157257,0,1]},{"uuid":"3E824DC0-CC46-4A0D-B2F2-9C73660C8FE8","type":"Mesh","geometry":"E6FA19BA-8456-4923-8605-F34C8076E3E7","material":"532640B5-A094-42EB-AFAC-42F8FAD2074C","matrix":[2.220446049250313e-16,0,-1,0,0,1,0,0,1,0,2.220446049250313e-16,0,0,0.49994999170303345,0,1]},{"uuid":"1BCCEB93-9F69-4B16-A506-1BADE354D5FF","userData":{"name":"pharisee arm"},"type":"Object3D","matrix":[1,0,0,0,0,0.9849588871002197,-0.17278870940208435,0,0,0.17278870940208435,0.9849588871002197,0,1.5,1.5,0,1],"children":[{"uuid":"74D06AA4-4185-471A-B299-94A2D2E8879A","type":"Mesh","geometry":"64DBC5F9-5CB8-4D6B-A07F-B28FADBB31BD","material":"A532FE13-EC0F-4863-ADBC-AAF0BE371A94","matrix":[1,0,0,0,0,1,0,0,0,0,1,0,0,-1.5,0,1]},{"uuid":"3FB0BEC6-F844-4447-BF0D-07B37183E103","type":"Mesh","geometry":"78915CCA-C4D3-4DE9-8710-1CB1E6A21A8D","material":"D55806AD-682C-4C74-83C7-3BEDA017D74C","matrix":[1,0,0,0,0,1,0,0,0,0,1,0,0,-2.5,0,1]}]},{"uuid":"1BCCEB93-9F69-4B16-A506-1BADE354D5FF","userData":{"name":"pharisee arm"},"type":"Object3D","matrix":[1,0,0,0,0,0.9849588871002197,0.17278870940208435,0,0,-0.17278870940208435,0.9849588871002197,0,-1.5,1.5,0,1],"children":[{"uuid":"74D06AA4-4185-471A-B299-94A2D2E8879A","type":"Mesh","geometry":"64DBC5F9-5CB8-4D6B-A07F-B28FADBB31BD","material":"A532FE13-EC0F-4863-ADBC-AAF0BE371A94","matrix":[1,0,0,0,0,1,0,0,0,0,1,0,0,-1.5,0,1]},{"uuid":"3FB0BEC6-F844-4447-BF0D-07B37183E103","type":"Mesh","geometry":"78915CCA-C4D3-4DE9-8710-1CB1E6A21A8D","material":"D55806AD-682C-4C74-83C7-3BEDA017D74C","matrix":[1,0,0,0,0,1,0,0,0,0,1,0,0,-2.5,0,1]}]},{"uuid":"8DEA049D-0402-42C7-81D5-4E6C660F8CEC","userData":{"name":"pharisee leg"},"type":"Object3D","matrix":[1,0,0,0,0,0.9402881264686584,0.340379536151886,0,0,-0.340379536151886,0.9402881264686584,0,0,-1,-0.5,1],"children":[{"uuid":"05FD06A7-8060-4AEE-B684-F49C1F75A335","type":"Mesh","geometry":"989E9B52-49E3-40D3-B91B-7CDDDBB71760","material":"9F935694-416D-4EFD-87F7-1575A9EBB96A","matrix":[1,0,0,0,0,1,0,0,0,0,1,0,-0.5,-0.5,0.5,1]},{"uuid":"87861237-ACC2-45C7-AA2D-E7FD37F9FE3E","type":"Mesh","geometry":"FE36EF21-7EF6-4374-BD6E-6A60492298C5","material":"B1E1B85B-E979-4525-B605-96FE849B518C","matrix":[1,0,0,0,0,1,0,0,0,0,1,0,-0.5,-1.1666500568389893,0.5,1]},{"uuid":"1683ECB2-D83D-4C42-8127-5A135090802E","type":"Mesh","geometry":"F5500AED-1664-4462-BB0D-8A9C9BA6926D","material":"F9F81EF2-F55C-4F3E-8C1F-BBE34D951018","matrix":[1,0,0,0,0,1,0,0,0,0,1,0,-0.5,-1.4999500513076782,1,1]}]},{"uuid":"8DEA049D-0402-42C7-81D5-4E6C660F8CEC","userData":{"name":"pharisee leg"},"type":"Object3D","matrix":[1,0,0,0,0,0.9402881264686584,-0.340379536151886,0,0,0.340379536151886,0.9402881264686584,0,1,-1,-0.5,1],"children":[{"uuid":"05FD06A7-8060-4AEE-B684-F49C1F75A335","type":"Mesh","geometry":"989E9B52-49E3-40D3-B91B-7CDDDBB71760","material":"9F935694-416D-4EFD-87F7-1575A9EBB96A","matrix":[1,0,0,0,0,1,0,0,0,0,1,0,-0.5,-0.5,0.5,1]},{"uuid":"87861237-ACC2-45C7-AA2D-E7FD37F9FE3E","type":"Mesh","geometry":"FE36EF21-7EF6-4374-BD6E-6A60492298C5","material":"B1E1B85B-E979-4525-B605-96FE849B518C","matrix":[1,0,0,0,0,1,0,0,0,0,1,0,-0.5,-1.1666500568389893,0.5,1]},{"uuid":"1683ECB2-D83D-4C42-8127-5A135090802E","type":"Mesh","geometry":"F5500AED-1664-4462-BB0D-8A9C9BA6926D","material":"F9F81EF2-F55C-4F3E-8C1F-BBE34D951018","matrix":[1,0,0,0,0,1,0,0,0,0,1,0,-0.5,-1.4999500513076782,1,1]}]},{"uuid":"DFE9C449-4B66-4237-BB6A-86B3871ACA4E","type":"Mesh","geometry":"6A35D29F-9FB5-4D07-8501-C1CEAF82512A","material":"61B22026-5AE6-4CCE-B661-1AB8D23C8370","matrix":[1,0,0,0,0,1,0,0,0,0,1,0,0,1.3330999612808228,-1,1]}]},{"uuid":"C37D6815-4CFF-4BA2-B4AC-6953284C5764","userData":{"name":"pharisee"},"type":"Object3D","matrix":[1,0,0,0,0,1,0,0,0,0,1,0,-4,0,0,1],"children":[{"uuid":"498B26A1-A2E3-40DB-9254-A90A90B7386F","type":"Mesh","geometry":"1BA60DF1-643D-4143-8413-C21B4EB0A819","material":"B52100BB-3F2B-4B28-9BC8-5D7006E7DA31","matrix":[2.220446049250313e-16,0,-1,0,0,1,0,0,1,0,2.220446049250313e-16,0,0,-0.5,0,1]},{"uuid":"6B257086-55C1-489B-97B3-325E4DEF51E1","type":"Mesh","geometry":"DCCA89C7-2F60-4C41-BCF7-E0F82097A83D","material":"24BC4342-3802-4A64-8203-3576388CC4C7","matrix":[2.220446049250313e-16,0,-1,0,0,1,0,0,1,0,2.220446049250313e-16,0,0,0.16654999554157257,0,1]},{"uuid":"3E824DC0-CC46-4A0D-B2F2-9C73660C8FE8","type":"Mesh","geometry":"E6FA19BA-8456-4923-8605-F34C8076E3E7","material":"532640B5-A094-42EB-AFAC-42F8FAD2074C","matrix":[2.220446049250313e-16,0,-1,0,0,1,0,0,1,0,2.220446049250313e-16,0,0,0.49994999170303345,0,1]},{"uuid":"1BCCEB93-9F69-4B16-A506-1BADE354D5FF","userData":{"name":"pharisee arm"},"type":"Object3D","matrix":[1,0,0,0,0,0.9849588871002197,-0.17278870940208435,0,0,0.17278870940208435,0.9849588871002197,0,1.5,1.5,0,1],"children":[{"uuid":"74D06AA4-4185-471A-B299-94A2D2E8879A","type":"Mesh","geometry":"64DBC5F9-5CB8-4D6B-A07F-B28FADBB31BD","material":"A532FE13-EC0F-4863-ADBC-AAF0BE371A94","matrix":[1,0,0,0,0,1,0,0,0,0,1,0,0,-1.5,0,1]},{"uuid":"3FB0BEC6-F844-4447-BF0D-07B37183E103","type":"Mesh","geometry":"78915CCA-C4D3-4DE9-8710-1CB1E6A21A8D","material":"D55806AD-682C-4C74-83C7-3BEDA017D74C","matrix":[1,0,0,0,0,1,0,0,0,0,1,0,0,-2.5,0,1]}]},{"uuid":"1BCCEB93-9F69-4B16-A506-1BADE354D5FF","userData":{"name":"pharisee arm"},"type":"Object3D","matrix":[1,0,0,0,0,0.9849588871002197,0.17278870940208435,0,0,-0.17278870940208435,0.9849588871002197,0,-1.5,1.5,0,1],"children":[{"uuid":"74D06AA4-4185-471A-B299-94A2D2E8879A","type":"Mesh","geometry":"64DBC5F9-5CB8-4D6B-A07F-B28FADBB31BD","material":"A532FE13-EC0F-4863-ADBC-AAF0BE371A94","matrix":[1,0,0,0,0,1,0,0,0,0,1,0,0,-1.5,0,1]},{"uuid":"3FB0BEC6-F844-4447-BF0D-07B37183E103","type":"Mesh","geometry":"78915CCA-C4D3-4DE9-8710-1CB1E6A21A8D","material":"D55806AD-682C-4C74-83C7-3BEDA017D74C","matrix":[1,0,0,0,0,1,0,0,0,0,1,0,0,-2.5,0,1]}]},{"uuid":"8DEA049D-0402-42C7-81D5-4E6C660F8CEC","userData":{"name":"pharisee leg"},"type":"Object3D","matrix":[1,0,0,0,0,0.9402881264686584,0.340379536151886,0,0,-0.340379536151886,0.9402881264686584,0,0,-1,-0.5,1],"children":[{"uuid":"05FD06A7-8060-4AEE-B684-F49C1F75A335","type":"Mesh","geometry":"989E9B52-49E3-40D3-B91B-7CDDDBB71760","material":"9F935694-416D-4EFD-87F7-1575A9EBB96A","matrix":[1,0,0,0,0,1,0,0,0,0,1,0,-0.5,-0.5,0.5,1]},{"uuid":"87861237-ACC2-45C7-AA2D-E7FD37F9FE3E","type":"Mesh","geometry":"FE36EF21-7EF6-4374-BD6E-6A60492298C5","material":"B1E1B85B-E979-4525-B605-96FE849B518C","matrix":[1,0,0,0,0,1,0,0,0,0,1,0,-0.5,-1.1666500568389893,0.5,1]},{"uuid":"1683ECB2-D83D-4C42-8127-5A135090802E","type":"Mesh","geometry":"F5500AED-1664-4462-BB0D-8A9C9BA6926D","material":"F9F81EF2-F55C-4F3E-8C1F-BBE34D951018","matrix":[1,0,0,0,0,1,0,0,0,0,1,0,-0.5,-1.4999500513076782,1,1]}]},{"uuid":"8DEA049D-0402-42C7-81D5-4E6C660F8CEC","userData":{"name":"pharisee leg"},"type":"Object3D","matrix":[1,0,0,0,0,0.9402881264686584,-0.340379536151886,0,0,0.340379536151886,0.9402881264686584,0,1,-1,-0.5,1],"children":[{"uuid":"05FD06A7-8060-4AEE-B684-F49C1F75A335","type":"Mesh","geometry":"989E9B52-49E3-40D3-B91B-7CDDDBB71760","material":"9F935694-416D-4EFD-87F7-1575A9EBB96A","matrix":[1,0,0,0,0,1,0,0,0,0,1,0,-0.5,-0.5,0.5,1]},{"uuid":"87861237-ACC2-45C7-AA2D-E7FD37F9FE3E","type":"Mesh","geometry":"FE36EF21-7EF6-4374-BD6E-6A60492298C5","material":"B1E1B85B-E979-4525-B605-96FE849B518C","matrix":[1,0,0,0,0,1,0,0,0,0,1,0,-0.5,-1.1666500568389893,0.5,1]},{"uuid":"1683ECB2-D83D-4C42-8127-5A135090802E","type":"Mesh","geometry":"F5500AED-1664-4462-BB0D-8A9C9BA6926D","material":"F9F81EF2-F55C-4F3E-8C1F-BBE34D951018","matrix":[1,0,0,0,0,1,0,0,0,0,1,0,-0.5,-1.4999500513076782,1,1]}]},{"uuid":"DFE9C449-4B66-4237-BB6A-86B3871ACA4E","type":"Mesh","geometry":"6A35D29F-9FB5-4D07-8501-C1CEAF82512A","material":"61B22026-5AE6-4CCE-B661-1AB8D23C8370","matrix":[1,0,0,0,0,1,0,0,0,0,1,0,0,1.3330999612808228,-1,1]}]},{"uuid":"C37D6815-4CFF-4BA2-B4AC-6953284C5764","userData":{"name":"pharisee"},"type":"Object3D","matrix":[1,0,0,0,0,1,0,0,0,0,1,0,8,0,0,1],"children":[{"uuid":"498B26A1-A2E3-40DB-9254-A90A90B7386F","type":"Mesh","geometry":"1BA60DF1-643D-4143-8413-C21B4EB0A819","material":"B52100BB-3F2B-4B28-9BC8-5D7006E7DA31","matrix":[2.220446049250313e-16,0,-1,0,0,1,0,0,1,0,2.220446049250313e-16,0,0,-0.5,0,1]},{"uuid":"6B257086-55C1-489B-97B3-325E4DEF51E1","type":"Mesh","geometry":"DCCA89C7-2F60-4C41-BCF7-E0F82097A83D","material":"24BC4342-3802-4A64-8203-3576388CC4C7","matrix":[2.220446049250313e-16,0,-1,0,0,1,0,0,1,0,2.220446049250313e-16,0,0,0.16654999554157257,0,1]},{"uuid":"3E824DC0-CC46-4A0D-B2F2-9C73660C8FE8","type":"Mesh","geometry":"E6FA19BA-8456-4923-8605-F34C8076E3E7","material":"532640B5-A094-42EB-AFAC-42F8FAD2074C","matrix":[2.220446049250313e-16,0,-1,0,0,1,0,0,1,0,2.220446049250313e-16,0,0,0.49994999170303345,0,1]},{"uuid":"1BCCEB93-9F69-4B16-A506-1BADE354D5FF","userData":{"name":"pharisee arm"},"type":"Object3D","matrix":[1,0,0,0,0,0.9849588871002197,-0.17278870940208435,0,0,0.17278870940208435,0.9849588871002197,0,1.5,1.5,0,1],"children":[{"uuid":"74D06AA4-4185-471A-B299-94A2D2E8879A","type":"Mesh","geometry":"64DBC5F9-5CB8-4D6B-A07F-B28FADBB31BD","material":"A532FE13-EC0F-4863-ADBC-AAF0BE371A94","matrix":[1,0,0,0,0,1,0,0,0,0,1,0,0,-1.5,0,1]},{"uuid":"3FB0BEC6-F844-4447-BF0D-07B37183E103","type":"Mesh","geometry":"78915CCA-C4D3-4DE9-8710-1CB1E6A21A8D","material":"D55806AD-682C-4C74-83C7-3BEDA017D74C","matrix":[1,0,0,0,0,1,0,0,0,0,1,0,0,-2.5,0,1]}]},{"uuid":"1BCCEB93-9F69-4B16-A506-1BADE354D5FF","userData":{"name":"pharisee arm"},"type":"Object3D","matrix":[1,0,0,0,0,0.9849588871002197,0.17278870940208435,0,0,-0.17278870940208435,0.9849588871002197,0,-1.5,1.5,0,1],"children":[{"uuid":"74D06AA4-4185-471A-B299-94A2D2E8879A","type":"Mesh","geometry":"64DBC5F9-5CB8-4D6B-A07F-B28FADBB31BD","material":"A532FE13-EC0F-4863-ADBC-AAF0BE371A94","matrix":[1,0,0,0,0,1,0,0,0,0,1,0,0,-1.5,0,1]},{"uuid":"3FB0BEC6-F844-4447-BF0D-07B37183E103","type":"Mesh","geometry":"78915CCA-C4D3-4DE9-8710-1CB1E6A21A8D","material":"D55806AD-682C-4C74-83C7-3BEDA017D74C","matrix":[1,0,0,0,0,1,0,0,0,0,1,0,0,-2.5,0,1]}]},{"uuid":"8DEA049D-0402-42C7-81D5-4E6C660F8CEC","userData":{"name":"pharisee leg"},"type":"Object3D","matrix":[1,0,0,0,0,0.9402881264686584,0.340379536151886,0,0,-0.340379536151886,0.9402881264686584,0,0,-1,-0.5,1],"children":[{"uuid":"05FD06A7-8060-4AEE-B684-F49C1F75A335","type":"Mesh","geometry":"989E9B52-49E3-40D3-B91B-7CDDDBB71760","material":"9F935694-416D-4EFD-87F7-1575A9EBB96A","matrix":[1,0,0,0,0,1,0,0,0,0,1,0,-0.5,-0.5,0.5,1]},{"uuid":"87861237-ACC2-45C7-AA2D-E7FD37F9FE3E","type":"Mesh","geometry":"FE36EF21-7EF6-4374-BD6E-6A60492298C5","material":"B1E1B85B-E979-4525-B605-96FE849B518C","matrix":[1,0,0,0,0,1,0,0,0,0,1,0,-0.5,-1.1666500568389893,0.5,1]},{"uuid":"1683ECB2-D83D-4C42-8127-5A135090802E","type":"Mesh","geometry":"F5500AED-1664-4462-BB0D-8A9C9BA6926D","material":"F9F81EF2-F55C-4F3E-8C1F-BBE34D951018","matrix":[1,0,0,0,0,1,0,0,0,0,1,0,-0.5,-1.4999500513076782,1,1]}]},{"uuid":"8DEA049D-0402-42C7-81D5-4E6C660F8CEC","userData":{"name":"pharisee leg"},"type":"Object3D","matrix":[1,0,0,0,0,0.9402881264686584,-0.340379536151886,0,0,0.340379536151886,0.9402881264686584,0,1,-1,-0.5,1],"children":[{"uuid":"05FD06A7-8060-4AEE-B684-F49C1F75A335","type":"Mesh","geometry":"989E9B52-49E3-40D3-B91B-7CDDDBB71760","material":"9F935694-416D-4EFD-87F7-1575A9EBB96A","matrix":[1,0,0,0,0,1,0,0,0,0,1,0,-0.5,-0.5,0.5,1]},{"uuid":"87861237-ACC2-45C7-AA2D-E7FD37F9FE3E","type":"Mesh","geometry":"FE36EF21-7EF6-4374-BD6E-6A60492298C5","material":"B1E1B85B-E979-4525-B605-96FE849B518C","matrix":[1,0,0,0,0,1,0,0,0,0,1,0,-0.5,-1.1666500568389893,0.5,1]},{"uuid":"1683ECB2-D83D-4C42-8127-5A135090802E","type":"Mesh","geometry":"F5500AED-1664-4462-BB0D-8A9C9BA6926D","material":"F9F81EF2-F55C-4F3E-8C1F-BBE34D951018","matrix":[1,0,0,0,0,1,0,0,0,0,1,0,-0.5,-1.4999500513076782,1,1]}]},{"uuid":"DFE9C449-4B66-4237-BB6A-86B3871ACA4E","type":"Mesh","geometry":"6A35D29F-9FB5-4D07-8501-C1CEAF82512A","material":"61B22026-5AE6-4CCE-B661-1AB8D23C8370","matrix":[1,0,0,0,0,1,0,0,0,0,1,0,0,1.3330999612808228,-1,1]}]},{"uuid":"C37D6815-4CFF-4BA2-B4AC-6953284C5764","userData":{"name":"pharisee"},"type":"Object3D","matrix":[1,0,0,0,0,1,0,0,0,0,1,0,-8,0,0,1],"children":[{"uuid":"498B26A1-A2E3-40DB-9254-A90A90B7386F","type":"Mesh","geometry":"1BA60DF1-643D-4143-8413-C21B4EB0A819","material":"B52100BB-3F2B-4B28-9BC8-5D7006E7DA31","matrix":[2.220446049250313e-16,0,-1,0,0,1,0,0,1,0,2.220446049250313e-16,0,0,-0.5,0,1]},{"uuid":"6B257086-55C1-489B-97B3-325E4DEF51E1","type":"Mesh","geometry":"DCCA89C7-2F60-4C41-BCF7-E0F82097A83D","material":"24BC4342-3802-4A64-8203-3576388CC4C7","matrix":[2.220446049250313e-16,0,-1,0,0,1,0,0,1,0,2.220446049250313e-16,0,0,0.16654999554157257,0,1]},{"uuid":"3E824DC0-CC46-4A0D-B2F2-9C73660C8FE8","type":"Mesh","geometry":"E6FA19BA-8456-4923-8605-F34C8076E3E7","material":"532640B5-A094-42EB-AFAC-42F8FAD2074C","matrix":[2.220446049250313e-16,0,-1,0,0,1,0,0,1,0,2.220446049250313e-16,0,0,0.49994999170303345,0,1]},{"uuid":"1BCCEB93-9F69-4B16-A506-1BADE354D5FF","userData":{"name":"pharisee arm"},"type":"Object3D","matrix":[1,0,0,0,0,0.9849588871002197,-0.17278870940208435,0,0,0.17278870940208435,0.9849588871002197,0,1.5,1.5,0,1],"children":[{"uuid":"74D06AA4-4185-471A-B299-94A2D2E8879A","type":"Mesh","geometry":"64DBC5F9-5CB8-4D6B-A07F-B28FADBB31BD","material":"A532FE13-EC0F-4863-ADBC-AAF0BE371A94","matrix":[1,0,0,0,0,1,0,0,0,0,1,0,0,-1.5,0,1]},{"uuid":"3FB0BEC6-F844-4447-BF0D-07B37183E103","type":"Mesh","geometry":"78915CCA-C4D3-4DE9-8710-1CB1E6A21A8D","material":"D55806AD-682C-4C74-83C7-3BEDA017D74C","matrix":[1,0,0,0,0,1,0,0,0,0,1,0,0,-2.5,0,1]}]},{"uuid":"1BCCEB93-9F69-4B16-A506-1BADE354D5FF","userData":{"name":"pharisee arm"},"type":"Object3D","matrix":[1,0,0,0,0,0.9849588871002197,0.17278870940208435,0,0,-0.17278870940208435,0.9849588871002197,0,-1.5,1.5,0,1],"children":[{"uuid":"74D06AA4-4185-471A-B299-94A2D2E8879A","type":"Mesh","geometry":"64DBC5F9-5CB8-4D6B-A07F-B28FADBB31BD","material":"A532FE13-EC0F-4863-ADBC-AAF0BE371A94","matrix":[1,0,0,0,0,1,0,0,0,0,1,0,0,-1.5,0,1]},{"uuid":"3FB0BEC6-F844-4447-BF0D-07B37183E103","type":"Mesh","geometry":"78915CCA-C4D3-4DE9-8710-1CB1E6A21A8D","material":"D55806AD-682C-4C74-83C7-3BEDA017D74C","matrix":[1,0,0,0,0,1,0,0,0,0,1,0,0,-2.5,0,1]}]},{"uuid":"8DEA049D-0402-42C7-81D5-4E6C660F8CEC","userData":{"name":"pharisee leg"},"type":"Object3D","matrix":[1,0,0,0,0,0.9402881264686584,0.340379536151886,0,0,-0.340379536151886,0.9402881264686584,0,0,-1,-0.5,1],"children":[{"uuid":"05FD06A7-8060-4AEE-B684-F49C1F75A335","type":"Mesh","geometry":"989E9B52-49E3-40D3-B91B-7CDDDBB71760","material":"9F935694-416D-4EFD-87F7-1575A9EBB96A","matrix":[1,0,0,0,0,1,0,0,0,0,1,0,-0.5,-0.5,0.5,1]},{"uuid":"87861237-ACC2-45C7-AA2D-E7FD37F9FE3E","type":"Mesh","geometry":"FE36EF21-7EF6-4374-BD6E-6A60492298C5","material":"B1E1B85B-E979-4525-B605-96FE849B518C","matrix":[1,0,0,0,0,1,0,0,0,0,1,0,-0.5,-1.1666500568389893,0.5,1]},{"uuid":"1683ECB2-D83D-4C42-8127-5A135090802E","type":"Mesh","geometry":"F5500AED-1664-4462-BB0D-8A9C9BA6926D","material":"F9F81EF2-F55C-4F3E-8C1F-BBE34D951018","matrix":[1,0,0,0,0,1,0,0,0,0,1,0,-0.5,-1.4999500513076782,1,1]}]},{"uuid":"8DEA049D-0402-42C7-81D5-4E6C660F8CEC","userData":{"name":"pharisee leg"},"type":"Object3D","matrix":[1,0,0,0,0,0.9402881264686584,-0.340379536151886,0,0,0.340379536151886,0.9402881264686584,0,1,-1,-0.5,1],"children":[{"uuid":"05FD06A7-8060-4AEE-B684-F49C1F75A335","type":"Mesh","geometry":"989E9B52-49E3-40D3-B91B-7CDDDBB71760","material":"9F935694-416D-4EFD-87F7-1575A9EBB96A","matrix":[1,0,0,0,0,1,0,0,0,0,1,0,-0.5,-0.5,0.5,1]},{"uuid":"87861237-ACC2-45C7-AA2D-E7FD37F9FE3E","type":"Mesh","geometry":"FE36EF21-7EF6-4374-BD6E-6A60492298C5","material":"B1E1B85B-E979-4525-B605-96FE849B518C","matrix":[1,0,0,0,0,1,0,0,0,0,1,0,-0.5,-1.1666500568389893,0.5,1]},{"uuid":"1683ECB2-D83D-4C42-8127-5A135090802E","type":"Mesh","geometry":"F5500AED-1664-4462-BB0D-8A9C9BA6926D","material":"F9F81EF2-F55C-4F3E-8C1F-BBE34D951018","matrix":[1,0,0,0,0,1,0,0,0,0,1,0,-0.5,-1.4999500513076782,1,1]}]},{"uuid":"DFE9C449-4B66-4237-BB6A-86B3871ACA4E","type":"Mesh","geometry":"6A35D29F-9FB5-4D07-8501-C1CEAF82512A","material":"61B22026-5AE6-4CCE-B661-1AB8D23C8370","matrix":[1,0,0,0,0,1,0,0,0,0,1,0,0,1.3330999612808228,-1,1]}]},{"uuid":"C37D6815-4CFF-4BA2-B4AC-6953284C5764","userData":{"name":"pharisee"},"type":"Object3D","matrix":[1,0,0,0,0,1,0,0,0,0,1,0,0,0,3,1],"children":[{"uuid":"498B26A1-A2E3-40DB-9254-A90A90B7386F","type":"Mesh","geometry":"1BA60DF1-643D-4143-8413-C21B4EB0A819","material":"B52100BB-3F2B-4B28-9BC8-5D7006E7DA31","matrix":[2.220446049250313e-16,0,-1,0,0,1,0,0,1,0,2.220446049250313e-16,0,0,-0.5,0,1]},{"uuid":"6B257086-55C1-489B-97B3-325E4DEF51E1","type":"Mesh","geometry":"DCCA89C7-2F60-4C41-BCF7-E0F82097A83D","material":"24BC4342-3802-4A64-8203-3576388CC4C7","matrix":[2.220446049250313e-16,0,-1,0,0,1,0,0,1,0,2.220446049250313e-16,0,0,0.16654999554157257,0,1]},{"uuid":"3E824DC0-CC46-4A0D-B2F2-9C73660C8FE8","type":"Mesh","geometry":"E6FA19BA-8456-4923-8605-F34C8076E3E7","material":"532640B5-A094-42EB-AFAC-42F8FAD2074C","matrix":[2.220446049250313e-16,0,-1,0,0,1,0,0,1,0,2.220446049250313e-16,0,0,0.49994999170303345,0,1]},{"uuid":"1BCCEB93-9F69-4B16-A506-1BADE354D5FF","userData":{"name":"pharisee arm"},"type":"Object3D","matrix":[1,0,0,0,0,0.9849588871002197,-0.17278870940208435,0,0,0.17278870940208435,0.9849588871002197,0,1.5,1.5,0,1],"children":[{"uuid":"74D06AA4-4185-471A-B299-94A2D2E8879A","type":"Mesh","geometry":"64DBC5F9-5CB8-4D6B-A07F-B28FADBB31BD","material":"A532FE13-EC0F-4863-ADBC-AAF0BE371A94","matrix":[1,0,0,0,0,1,0,0,0,0,1,0,0,-1.5,0,1]},{"uuid":"3FB0BEC6-F844-4447-BF0D-07B37183E103","type":"Mesh","geometry":"78915CCA-C4D3-4DE9-8710-1CB1E6A21A8D","material":"D55806AD-682C-4C74-83C7-3BEDA017D74C","matrix":[1,0,0,0,0,1,0,0,0,0,1,0,0,-2.5,0,1]}]},{"uuid":"1BCCEB93-9F69-4B16-A506-1BADE354D5FF","userData":{"name":"pharisee arm"},"type":"Object3D","matrix":[1,0,0,0,0,0.9849588871002197,0.17278870940208435,0,0,-0.17278870940208435,0.9849588871002197,0,-1.5,1.5,0,1],"children":[{"uuid":"74D06AA4-4185-471A-B299-94A2D2E8879A","type":"Mesh","geometry":"64DBC5F9-5CB8-4D6B-A07F-B28FADBB31BD","material":"A532FE13-EC0F-4863-ADBC-AAF0BE371A94","matrix":[1,0,0,0,0,1,0,0,0,0,1,0,0,-1.5,0,1]},{"uuid":"3FB0BEC6-F844-4447-BF0D-07B37183E103","type":"Mesh","geometry":"78915CCA-C4D3-4DE9-8710-1CB1E6A21A8D","material":"D55806AD-682C-4C74-83C7-3BEDA017D74C","matrix":[1,0,0,0,0,1,0,0,0,0,1,0,0,-2.5,0,1]}]},{"uuid":"8DEA049D-0402-42C7-81D5-4E6C660F8CEC","userData":{"name":"pharisee leg"},"type":"Object3D","matrix":[1,0,0,0,0,0.9402881264686584,0.340379536151886,0,0,-0.340379536151886,0.9402881264686584,0,0,-1,-0.5,1],"children":[{"uuid":"05FD06A7-8060-4AEE-B684-F49C1F75A335","type":"Mesh","geometry":"989E9B52-49E3-40D3-B91B-7CDDDBB71760","material":"9F935694-416D-4EFD-87F7-1575A9EBB96A","matrix":[1,0,0,0,0,1,0,0,0,0,1,0,-0.5,-0.5,0.5,1]},{"uuid":"87861237-ACC2-45C7-AA2D-E7FD37F9FE3E","type":"Mesh","geometry":"FE36EF21-7EF6-4374-BD6E-6A60492298C5","material":"B1E1B85B-E979-4525-B605-96FE849B518C","matrix":[1,0,0,0,0,1,0,0,0,0,1,0,-0.5,-1.1666500568389893,0.5,1]},{"uuid":"1683ECB2-D83D-4C42-8127-5A135090802E","type":"Mesh","geometry":"F5500AED-1664-4462-BB0D-8A9C9BA6926D","material":"F9F81EF2-F55C-4F3E-8C1F-BBE34D951018","matrix":[1,0,0,0,0,1,0,0,0,0,1,0,-0.5,-1.4999500513076782,1,1]}]},{"uuid":"8DEA049D-0402-42C7-81D5-4E6C660F8CEC","userData":{"name":"pharisee leg"},"type":"Object3D","matrix":[1,0,0,0,0,0.9402881264686584,-0.340379536151886,0,0,0.340379536151886,0.9402881264686584,0,1,-1,-0.5,1],"children":[{"uuid":"05FD06A7-8060-4AEE-B684-F49C1F75A335","type":"Mesh","geometry":"989E9B52-49E3-40D3-B91B-7CDDDBB71760","material":"9F935694-416D-4EFD-87F7-1575A9EBB96A","matrix":[1,0,0,0,0,1,0,0,0,0,1,0,-0.5,-0.5,0.5,1]},{"uuid":"87861237-ACC2-45C7-AA2D-E7FD37F9FE3E","type":"Mesh","geometry":"FE36EF21-7EF6-4374-BD6E-6A60492298C5","material":"B1E1B85B-E979-4525-B605-96FE849B518C","matrix":[1,0,0,0,0,1,0,0,0,0,1,0,-0.5,-1.1666500568389893,0.5,1]},{"uuid":"1683ECB2-D83D-4C42-8127-5A135090802E","type":"Mesh","geometry":"F5500AED-1664-4462-BB0D-8A9C9BA6926D","material":"F9F81EF2-F55C-4F3E-8C1F-BBE34D951018","matrix":[1,0,0,0,0,1,0,0,0,0,1,0,-0.5,-1.4999500513076782,1,1]}]},{"uuid":"DFE9C449-4B66-4237-BB6A-86B3871ACA4E","type":"Mesh","geometry":"6A35D29F-9FB5-4D07-8501-C1CEAF82512A","material":"61B22026-5AE6-4CCE-B661-1AB8D23C8370","matrix":[1,0,0,0,0,1,0,0,0,0,1,0,0,1.3330999612808228,-1,1]}]},{"uuid":"C37D6815-4CFF-4BA2-B4AC-6953284C5764","userData":{"name":"pharisee"},"type":"Object3D","matrix":[1,0,0,0,0,1,0,0,0,0,1,0,4,0,3,1],"children":[{"uuid":"498B26A1-A2E3-40DB-9254-A90A90B7386F","type":"Mesh","geometry":"1BA60DF1-643D-4143-8413-C21B4EB0A819","material":"B52100BB-3F2B-4B28-9BC8-5D7006E7DA31","matrix":[2.220446049250313e-16,0,-1,0,0,1,0,0,1,0,2.220446049250313e-16,0,0,-0.5,0,1]},{"uuid":"6B257086-55C1-489B-97B3-325E4DEF51E1","type":"Mesh","geometry":"DCCA89C7-2F60-4C41-BCF7-E0F82097A83D","material":"24BC4342-3802-4A64-8203-3576388CC4C7","matrix":[2.220446049250313e-16,0,-1,0,0,1,0,0,1,0,2.220446049250313e-16,0,0,0.16654999554157257,0,1]},{"uuid":"3E824DC0-CC46-4A0D-B2F2-9C73660C8FE8","type":"Mesh","geometry":"E6FA19BA-8456-4923-8605-F34C8076E3E7","material":"532640B5-A094-42EB-AFAC-42F8FAD2074C","matrix":[2.220446049250313e-16,0,-1,0,0,1,0,0,1,0,2.220446049250313e-16,0,0,0.49994999170303345,0,1]},{"uuid":"1BCCEB93-9F69-4B16-A506-1BADE354D5FF","userData":{"name":"pharisee arm"},"type":"Object3D","matrix":[1,0,0,0,0,0.9849588871002197,-0.17278870940208435,0,0,0.17278870940208435,0.9849588871002197,0,1.5,1.5,0,1],"children":[{"uuid":"74D06AA4-4185-471A-B299-94A2D2E8879A","type":"Mesh","geometry":"64DBC5F9-5CB8-4D6B-A07F-B28FADBB31BD","material":"A532FE13-EC0F-4863-ADBC-AAF0BE371A94","matrix":[1,0,0,0,0,1,0,0,0,0,1,0,0,-1.5,0,1]},{"uuid":"3FB0BEC6-F844-4447-BF0D-07B37183E103","type":"Mesh","geometry":"78915CCA-C4D3-4DE9-8710-1CB1E6A21A8D","material":"D55806AD-682C-4C74-83C7-3BEDA017D74C","matrix":[1,0,0,0,0,1,0,0,0,0,1,0,0,-2.5,0,1]}]},{"uuid":"1BCCEB93-9F69-4B16-A506-1BADE354D5FF","userData":{"name":"pharisee arm"},"type":"Object3D","matrix":[1,0,0,0,0,0.9849588871002197,0.17278870940208435,0,0,-0.17278870940208435,0.9849588871002197,0,-1.5,1.5,0,1],"children":[{"uuid":"74D06AA4-4185-471A-B299-94A2D2E8879A","type":"Mesh","geometry":"64DBC5F9-5CB8-4D6B-A07F-B28FADBB31BD","material":"A532FE13-EC0F-4863-ADBC-AAF0BE371A94","matrix":[1,0,0,0,0,1,0,0,0,0,1,0,0,-1.5,0,1]},{"uuid":"3FB0BEC6-F844-4447-BF0D-07B37183E103","type":"Mesh","geometry":"78915CCA-C4D3-4DE9-8710-1CB1E6A21A8D","material":"D55806AD-682C-4C74-83C7-3BEDA017D74C","matrix":[1,0,0,0,0,1,0,0,0,0,1,0,0,-2.5,0,1]}]},{"uuid":"8DEA049D-0402-42C7-81D5-4E6C660F8CEC","userData":{"name":"pharisee leg"},"type":"Object3D","matrix":[1,0,0,0,0,0.9402881264686584,0.340379536151886,0,0,-0.340379536151886,0.9402881264686584,0,0,-1,-0.5,1],"children":[{"uuid":"05FD06A7-8060-4AEE-B684-F49C1F75A335","type":"Mesh","geometry":"989E9B52-49E3-40D3-B91B-7CDDDBB71760","material":"9F935694-416D-4EFD-87F7-1575A9EBB96A","matrix":[1,0,0,0,0,1,0,0,0,0,1,0,-0.5,-0.5,0.5,1]},{"uuid":"87861237-ACC2-45C7-AA2D-E7FD37F9FE3E","type":"Mesh","geometry":"FE36EF21-7EF6-4374-BD6E-6A60492298C5","material":"B1E1B85B-E979-4525-B605-96FE849B518C","matrix":[1,0,0,0,0,1,0,0,0,0,1,0,-0.5,-1.1666500568389893,0.5,1]},{"uuid":"1683ECB2-D83D-4C42-8127-5A135090802E","type":"Mesh","geometry":"F5500AED-1664-4462-BB0D-8A9C9BA6926D","material":"F9F81EF2-F55C-4F3E-8C1F-BBE34D951018","matrix":[1,0,0,0,0,1,0,0,0,0,1,0,-0.5,-1.4999500513076782,1,1]}]},{"uuid":"8DEA049D-0402-42C7-81D5-4E6C660F8CEC","userData":{"name":"pharisee leg"},"type":"Object3D","matrix":[1,0,0,0,0,0.9402881264686584,-0.340379536151886,0,0,0.340379536151886,0.9402881264686584,0,1,-1,-0.5,1],"children":[{"uuid":"05FD06A7-8060-4AEE-B684-F49C1F75A335","type":"Mesh","geometry":"989E9B52-49E3-40D3-B91B-7CDDDBB71760","material":"9F935694-416D-4EFD-87F7-1575A9EBB96A","matrix":[1,0,0,0,0,1,0,0,0,0,1,0,-0.5,-0.5,0.5,1]},{"uuid":"87861237-ACC2-45C7-AA2D-E7FD37F9FE3E","type":"Mesh","geometry":"FE36EF21-7EF6-4374-BD6E-6A60492298C5","material":"B1E1B85B-E979-4525-B605-96FE849B518C","matrix":[1,0,0,0,0,1,0,0,0,0,1,0,-0.5,-1.1666500568389893,0.5,1]},{"uuid":"1683ECB2-D83D-4C42-8127-5A135090802E","type":"Mesh","geometry":"F5500AED-1664-4462-BB0D-8A9C9BA6926D","material":"F9F81EF2-F55C-4F3E-8C1F-BBE34D951018","matrix":[1,0,0,0,0,1,0,0,0,0,1,0,-0.5,-1.4999500513076782,1,1]}]},{"uuid":"DFE9C449-4B66-4237-BB6A-86B3871ACA4E","type":"Mesh","geometry":"6A35D29F-9FB5-4D07-8501-C1CEAF82512A","material":"61B22026-5AE6-4CCE-B661-1AB8D23C8370","matrix":[1,0,0,0,0,1,0,0,0,0,1,0,0,1.3330999612808228,-1,1]}]},{"uuid":"C37D6815-4CFF-4BA2-B4AC-6953284C5764","userData":{"name":"pharisee"},"type":"Object3D","matrix":[1,0,0,0,0,1,0,0,0,0,1,0,8,0,3,1],"children":[{"uuid":"498B26A1-A2E3-40DB-9254-A90A90B7386F","type":"Mesh","geometry":"1BA60DF1-643D-4143-8413-C21B4EB0A819","material":"B52100BB-3F2B-4B28-9BC8-5D7006E7DA31","matrix":[2.220446049250313e-16,0,-1,0,0,1,0,0,1,0,2.220446049250313e-16,0,0,-0.5,0,1]},{"uuid":"6B257086-55C1-489B-97B3-325E4DEF51E1","type":"Mesh","geometry":"DCCA89C7-2F60-4C41-BCF7-E0F82097A83D","material":"24BC4342-3802-4A64-8203-3576388CC4C7","matrix":[2.220446049250313e-16,0,-1,0,0,1,0,0,1,0,2.220446049250313e-16,0,0,0.16654999554157257,0,1]},{"uuid":"3E824DC0-CC46-4A0D-B2F2-9C73660C8FE8","type":"Mesh","geometry":"E6FA19BA-8456-4923-8605-F34C8076E3E7","material":"532640B5-A094-42EB-AFAC-42F8FAD2074C","matrix":[2.220446049250313e-16,0,-1,0,0,1,0,0,1,0,2.220446049250313e-16,0,0,0.49994999170303345,0,1]},{"uuid":"1BCCEB93-9F69-4B16-A506-1BADE354D5FF","userData":{"name":"pharisee arm"},"type":"Object3D","matrix":[1,0,0,0,0,0.9849588871002197,-0.17278870940208435,0,0,0.17278870940208435,0.9849588871002197,0,1.5,1.5,0,1],"children":[{"uuid":"74D06AA4-4185-471A-B299-94A2D2E8879A","type":"Mesh","geometry":"64DBC5F9-5CB8-4D6B-A07F-B28FADBB31BD","material":"A532FE13-EC0F-4863-ADBC-AAF0BE371A94","matrix":[1,0,0,0,0,1,0,0,0,0,1,0,0,-1.5,0,1]},{"uuid":"3FB0BEC6-F844-4447-BF0D-07B37183E103","type":"Mesh","geometry":"78915CCA-C4D3-4DE9-8710-1CB1E6A21A8D","material":"D55806AD-682C-4C74-83C7-3BEDA017D74C","matrix":[1,0,0,0,0,1,0,0,0,0,1,0,0,-2.5,0,1]}]},{"uuid":"1BCCEB93-9F69-4B16-A506-1BADE354D5FF","userData":{"name":"pharisee arm"},"type":"Object3D","matrix":[1,0,0,0,0,0.9849588871002197,0.17278870940208435,0,0,-0.17278870940208435,0.9849588871002197,0,-1.5,1.5,0,1],"children":[{"uuid":"74D06AA4-4185-471A-B299-94A2D2E8879A","type":"Mesh","geometry":"64DBC5F9-5CB8-4D6B-A07F-B28FADBB31BD","material":"A532FE13-EC0F-4863-ADBC-AAF0BE371A94","matrix":[1,0,0,0,0,1,0,0,0,0,1,0,0,-1.5,0,1]},{"uuid":"3FB0BEC6-F844-4447-BF0D-07B37183E103","type":"Mesh","geometry":"78915CCA-C4D3-4DE9-8710-1CB1E6A21A8D","material":"D55806AD-682C-4C74-83C7-3BEDA017D74C","matrix":[1,0,0,0,0,1,0,0,0,0,1,0,0,-2.5,0,1]}]},{"uuid":"8DEA049D-0402-42C7-81D5-4E6C660F8CEC","userData":{"name":"pharisee leg"},"type":"Object3D","matrix":[1,0,0,0,0,0.9402881264686584,0.340379536151886,0,0,-0.340379536151886,0.9402881264686584,0,0,-1,-0.5,1],"children":[{"uuid":"05FD06A7-8060-4AEE-B684-F49C1F75A335","type":"Mesh","geometry":"989E9B52-49E3-40D3-B91B-7CDDDBB71760","material":"9F935694-416D-4EFD-87F7-1575A9EBB96A","matrix":[1,0,0,0,0,1,0,0,0,0,1,0,-0.5,-0.5,0.5,1]},{"uuid":"87861237-ACC2-45C7-AA2D-E7FD37F9FE3E","type":"Mesh","geometry":"FE36EF21-7EF6-4374-BD6E-6A60492298C5","material":"B1E1B85B-E979-4525-B605-96FE849B518C","matrix":[1,0,0,0,0,1,0,0,0,0,1,0,-0.5,-1.1666500568389893,0.5,1]},{"uuid":"1683ECB2-D83D-4C42-8127-5A135090802E","type":"Mesh","geometry":"F5500AED-1664-4462-BB0D-8A9C9BA6926D","material":"F9F81EF2-F55C-4F3E-8C1F-BBE34D951018","matrix":[1,0,0,0,0,1,0,0,0,0,1,0,-0.5,-1.4999500513076782,1,1]}]},{"uuid":"8DEA049D-0402-42C7-81D5-4E6C660F8CEC","userData":{"name":"pharisee leg"},"type":"Object3D","matrix":[1,0,0,0,0,0.9402881264686584,-0.340379536151886,0,0,0.340379536151886,0.9402881264686584,0,1,-1,-0.5,1],"children":[{"uuid":"05FD06A7-8060-4AEE-B684-F49C1F75A335","type":"Mesh","geometry":"989E9B52-49E3-40D3-B91B-7CDDDBB71760","material":"9F935694-416D-4EFD-87F7-1575A9EBB96A","matrix":[1,0,0,0,0,1,0,0,0,0,1,0,-0.5,-0.5,0.5,1]},{"uuid":"87861237-ACC2-45C7-AA2D-E7FD37F9FE3E","type":"Mesh","geometry":"FE36EF21-7EF6-4374-BD6E-6A60492298C5","material":"B1E1B85B-E979-4525-B605-96FE849B518C","matrix":[1,0,0,0,0,1,0,0,0,0,1,0,-0.5,-1.1666500568389893,0.5,1]},{"uuid":"1683ECB2-D83D-4C42-8127-5A135090802E","type":"Mesh","geometry":"F5500AED-1664-4462-BB0D-8A9C9BA6926D","material":"F9F81EF2-F55C-4F3E-8C1F-BBE34D951018","matrix":[1,0,0,0,0,1,0,0,0,0,1,0,-0.5,-1.4999500513076782,1,1]}]},{"uuid":"DFE9C449-4B66-4237-BB6A-86B3871ACA4E","type":"Mesh","geometry":"6A35D29F-9FB5-4D07-8501-C1CEAF82512A","material":"61B22026-5AE6-4CCE-B661-1AB8D23C8370","matrix":[1,0,0,0,0,1,0,0,0,0,1,0,0,1.3330999612808228,-1,1]}]},{"uuid":"C37D6815-4CFF-4BA2-B4AC-6953284C5764","userData":{"name":"pharisee"},"type":"Object3D","matrix":[1,0,0,0,0,1,0,0,0,0,1,0,0,0,-3,1],"children":[{"uuid":"498B26A1-A2E3-40DB-9254-A90A90B7386F","type":"Mesh","geometry":"1BA60DF1-643D-4143-8413-C21B4EB0A819","material":"B52100BB-3F2B-4B28-9BC8-5D7006E7DA31","matrix":[2.220446049250313e-16,0,-1,0,0,1,0,0,1,0,2.220446049250313e-16,0,0,-0.5,0,1]},{"uuid":"6B257086-55C1-489B-97B3-325E4DEF51E1","type":"Mesh","geometry":"DCCA89C7-2F60-4C41-BCF7-E0F82097A83D","material":"24BC4342-3802-4A64-8203-3576388CC4C7","matrix":[2.220446049250313e-16,0,-1,0,0,1,0,0,1,0,2.220446049250313e-16,0,0,0.16654999554157257,0,1]},{"uuid":"3E824DC0-CC46-4A0D-B2F2-9C73660C8FE8","type":"Mesh","geometry":"E6FA19BA-8456-4923-8605-F34C8076E3E7","material":"532640B5-A094-42EB-AFAC-42F8FAD2074C","matrix":[2.220446049250313e-16,0,-1,0,0,1,0,0,1,0,2.220446049250313e-16,0,0,0.49994999170303345,0,1]},{"uuid":"1BCCEB93-9F69-4B16-A506-1BADE354D5FF","userData":{"name":"pharisee arm"},"type":"Object3D","matrix":[1,0,0,0,0,0.9849588871002197,-0.17278870940208435,0,0,0.17278870940208435,0.9849588871002197,0,1.5,1.5,0,1],"children":[{"uuid":"74D06AA4-4185-471A-B299-94A2D2E8879A","type":"Mesh","geometry":"64DBC5F9-5CB8-4D6B-A07F-B28FADBB31BD","material":"A532FE13-EC0F-4863-ADBC-AAF0BE371A94","matrix":[1,0,0,0,0,1,0,0,0,0,1,0,0,-1.5,0,1]},{"uuid":"3FB0BEC6-F844-4447-BF0D-07B37183E103","type":"Mesh","geometry":"78915CCA-C4D3-4DE9-8710-1CB1E6A21A8D","material":"D55806AD-682C-4C74-83C7-3BEDA017D74C","matrix":[1,0,0,0,0,1,0,0,0,0,1,0,0,-2.5,0,1]}]},{"uuid":"1BCCEB93-9F69-4B16-A506-1BADE354D5FF","userData":{"name":"pharisee arm"},"type":"Object3D","matrix":[1,0,0,0,0,0.9849588871002197,0.17278870940208435,0,0,-0.17278870940208435,0.9849588871002197,0,-1.5,1.5,0,1],"children":[{"uuid":"74D06AA4-4185-471A-B299-94A2D2E8879A","type":"Mesh","geometry":"64DBC5F9-5CB8-4D6B-A07F-B28FADBB31BD","material":"A532FE13-EC0F-4863-ADBC-AAF0BE371A94","matrix":[1,0,0,0,0,1,0,0,0,0,1,0,0,-1.5,0,1]},{"uuid":"3FB0BEC6-F844-4447-BF0D-07B37183E103","type":"Mesh","geometry":"78915CCA-C4D3-4DE9-8710-1CB1E6A21A8D","material":"D55806AD-682C-4C74-83C7-3BEDA017D74C","matrix":[1,0,0,0,0,1,0,0,0,0,1,0,0,-2.5,0,1]}]},{"uuid":"8DEA049D-0402-42C7-81D5-4E6C660F8CEC","userData":{"name":"pharisee leg"},"type":"Object3D","matrix":[1,0,0,0,0,0.9402881264686584,0.340379536151886,0,0,-0.340379536151886,0.9402881264686584,0,0,-1,-0.5,1],"children":[{"uuid":"05FD06A7-8060-4AEE-B684-F49C1F75A335","type":"Mesh","geometry":"989E9B52-49E3-40D3-B91B-7CDDDBB71760","material":"9F935694-416D-4EFD-87F7-1575A9EBB96A","matrix":[1,0,0,0,0,1,0,0,0,0,1,0,-0.5,-0.5,0.5,1]},{"uuid":"87861237-ACC2-45C7-AA2D-E7FD37F9FE3E","type":"Mesh","geometry":"FE36EF21-7EF6-4374-BD6E-6A60492298C5","material":"B1E1B85B-E979-4525-B605-96FE849B518C","matrix":[1,0,0,0,0,1,0,0,0,0,1,0,-0.5,-1.1666500568389893,0.5,1]},{"uuid":"1683ECB2-D83D-4C42-8127-5A135090802E","typ